0 1
13 2
19 3
21 4
65 5
75 6
81 7
249 8
328 9
519 10
629 11
728 12
746 13
945 14
1000 15
1093 16
1603 17
1933 18
1950 19
1959 20
2117 21
2263 22
2396 23
2720 24
2927 25
3435 26
3592 27
3827 28
4690 29
4987 30
5254 31
5326 32
5431 33
5463 34
5465 35
5629 36
5650 37
5682 38
5699 39
5723 40
5751 41
5904 42
5928 43
5972 44
5997 45
6076 46
6147 47
6193 48
6206 49
6369 50
6387 51
6858 52
7009 53
9055 54
9080 55
10843 56
11264 57
12420 58
14820 59
15786 60
15863 61
18158 62
19160 63
23716 64
24776 65
26054 66
30790 67
31935 68
32210 69
32817 70
34847 71
38306 72
45575 73
46092 74
46107 75
46513 76
52355 77
53747 78
55608 79
59030 80
61707 81
68352 82
86757 83
88560 84
102238 85
119410 86
130223 87
150992 88
176364 89
178713 90
194145 91
234874 92
241053 93
280326 94
300694 95
310222 96
363731 97
375045 98
446505 99
503569 100
576939 101
616991 102
632742 103
670927 104
1007764 105
1133889 106
1166414 107
1207683 108
1210067 109
1495354 110
1569643 111
1975325 112
2011292 113
2174650 114
2503754 115
2770007 116
2831290 117
2919900 118
3053866 119
3064289 120
3084207 121
3090868 122
3130867 123
3140032 124
3217930 125
3316986 126
3340842 127
3580708 128
3613445 129
3632791 130
3639547 131
3653249 132
4164455 133
4324857 134
4790056 135
5005766 136
5400286 137
5537473 138
5572926 139
5704589 140
7200972 141
7212025 142
7223440 143
7259817 144
7270726 145
7285650 146
7508217 147
8104731 148
8115441 149
8285484 150
8334162 151
8570480 152
9726789 153
9806308 154
10370549 155
11108757 156
11792560 157
12403646 158
14077846 159
14403195 160
14422777 161
14686825 162
15090113 163
15668942 164
15887102 165
16456371 166
16807791 167
16810210 166
18337345 167
18538449 168
18569518 169
18849217 170
19728508 171
19830667 172
19920611 173
20111617 174
21644428 175
22382479 176
22730174 177
22880715 178
22943034 179
23133213 180
23157988 181
23538284 182
23642383 183
24215617 184
24936824 185
25758533 184
25793796 185
26021618 186
26123394 187
26202587 188
26630325 189
26634350 190
26730410 191
26843642 192
27018826 193
27035565 194
27467967 195
27783695 196
27950111 197
28125287 198
28320369 199
28422990 200
28804036 201
29662729 202
29740804 203
30095224 204
30222726 205
30329262 206
30335381 207
30335381 206
30711697 207
31079395 208
31173222 209
31591461 210
31643805 209
31723464 210
31726403 209
31824914 210
32023388 211
32157699 212
32419784 213
32982121 214
33014072 215
33231032 216
33469531 217
33475170 218
33699511 219
33860491 220
34573641 221
34770797 222
34796149 223
35027921 224
35725540 225
35999033 226
36069989 227
36086472 228
36377960 229
36642576 230
36998956 231
37089487 232
37201373 233
37693269 234
38009786 235
38791906 236
39394686 237
39449620 238
39829690 239
40248680 240
40583589 241
40616454 240
41380901 241
41715271 242
41734960 243
42119364 244
42119364 243
42495469 244
42603789 245
42964164 246
43975749 247
44608115 248
45056161 247
45274618 248
45798885 249
45798885 248
45929338 249
46976862 250
47555947 251
47910950 252
48193527 253
48243251 254
48408631 255
48516387 256
48525837 257
48545781 258
48567743 259
48630298 260
48899725 261
48928125 262
49808617 263
50163162 264
50313495 265
50467890 266
50535992 267
50869531 268
50965047 267
51423944 268
52109809 269
52217759 268
52338569 269
52431236 270
53004411 271
53101950 272
53700980 273
53792275 274
54083044 273
54508445 274
54656744 275
55338504 276
55411084 277
55424646 278
55426617 277
56450688 278
56848675 279
56864055 280
56903965 281
56904701 282
57200257 283
57399621 284
57602695 285
57922353 284
58133261 285
58748167 286
58959892 287
59252370 288
59382433 289
59555626 290
61681188 291
61719630 292
62577188 293
62877335 294
63460225 293
63932663 294
64031426 295
64124308 296
64340024 297
64687222 298
64976371 299
65395474 300
65704097 301
65788574 302
65896018 301
66487772 300
67174226 299
67645488 300
68142536 301
68194703 300
68422298 301
69129730 302
69135928 303
69232129 304
69258022 305
69264483 306
69800864 307
70200754 308
71840987 309
72491715 310
72928101 309
73201001 310
73989599 311
74531673 312
74911858 313
75639432 312
77974162 313
78021689 314
78491360 315
78664298 316
79181263 317
79212541 318
79753535 319
80482798 318
81684395 319
81767432 320
81838821 321
81895301 322
81895301 321
81907553 322
81992527 323
82067740 324
82491745 325
82712778 326
83844766 327
83936411 328
83994084 329
84112462 330
84352302 331
84462551 332
84572368 333
84690047 334
86345056 335
86934775 336
86959446 337
86999620 336
90905771 335
93838123 336
94583490 337
95373855 336
98319288 337
98375488 338
98930822 337
103142985 338
104422938 339
104878461 340
105363802 341
109406136 342
111302853 343
112234081 342
113047372 343
113253147 344
113481082 345
113599116 346
114179117 347
116867818 348
116868087 347
117028468 348
118026883 349
119021871 350
119066698 351
119162229 352
120510731 351
120989772 352
121269999 353
121291650 354
123705024 355
125139839 356
126825038 355
127181515 356
128179889 357
129626440 358
129693191 359
130055745 360
133315648 361
133393925 360
133672218 361
133809973 362
135397207 363
135630869 364
136966664 365
137123886 366
137700249 365
138875542 366
139209020 367
139235259 366
140194587 367
140194587 366
140791786 367
140854666 368
141570187 369
141795764 370
141857964 371
142234167 372
142523710 373
142671209 374
142871812 375
143869905 374
144003616 375
144403075 376
144623619 375
145670144 376
147639130 375
147727327 376
147833876 375
148227813 374
148563537 373
148733297 374
150044772 373
150494212 374
150731728 375
152242024 376
153005061 377
153592850 378
154041873 379
154560791 380
155738424 381
156576326 382
156629825 381
156681627 382
156892638 381
157742015 380
157867981 379
159365724 380
159706461 381
159889253 382
160650825 383
161253915 382
163872752 383
164482378 384
164742910 383
165954171 384
166334032 383
166898470 384
168683503 385
169454199 386
170656794 387
171087140 386
172041140 387
172041140 386
174110198 387
174110198 386
175084707 387
175890702 386
177207539 387
179148773 388
179893799 389
182055436 390
182089426 391
182311590 392
183232778 393
186515046 394
187986049 393
189074134 394
189167144 393
196260411 394
196274114 393
197295680 394
197975920 395
200124942 394
200903314 393
202101539 394
202282270 395
202592184 396
203215845 395
204048373 396
204193931 395
205465394 396
205900090 397
206166081 396
207945130 397
209951463 398
210271174 399
212011262 400
212320705 401
215955052 402
217083929 401
217587406 402
217934925 403
218637441 404
221086117 405
221571976 406
222709926 405
223848478 406
223898079 405
224129492 406
224247507 407
224491034 406
224503773 407
224577227 408
225076451 409
225404565 410
225686947 409
226311452 408
227056757 407
227407342 406
227740869 407
228653253 408
229237345 407
229986682 406
230402435 405
232660530 406
233302484 407
233986880 408
234613922 409
235067539 408
235410736 409
235535802 410
235651315 411
237666428 412
239244281 411
239903730 412
241326939 411
243761544 412
245963836 411
246423796 410
248296954 411
248724177 412
248810862 413
254409076 412
259203190 413
259528293 414
260328085 415
260710836 416
261612847 417
262802078 418
262808373 419
264581687 420
264793023 421
265283412 422
266406007 421
266407047 422
270758145 423
270764386 424
272116717 425
275589656 426
275664990 427
275755965 428
275841834 429
275949699 430
276037307 431
276115018 432
276216887 433
277381453 434
285256642 433
285325471 432
285471359 433
286695150 434
288005856 433
288757428 434
289741031 435
290045274 436
290311995 437
290315544 438
290492722 437
290587332 438
290797794 437
291015669 438
291605015 439
291605702 438
293455364 439
293934375 438
294601533 439
295114902 440
295994119 441
297617160 440
297939299 441
300678202 442
300964004 443
301664983 442
301807236 441
304253951 442
305759234 441
305796846 440
306010684 441
306293517 442
306293619 441
307011435 442
307259829 443
307501342 444
308417394 445
308906109 444
308968521 445
310089153 446
310211405 447
310292977 448
310654695 449
310654695 448
310805854 449
310806521 450
311021309 449
311023616 448
311027345 447
311106323 448
311497091 449
312117726 450
313722941 451
313914904 452
314409671 451
314570735 452
315191224 453
315335283 454
315340250 455
315341144 456
315348288 457
315516633 458
316572131 459
318247286 458
318351019 459
318719752 458
319685677 459
320406236 458
321537744 459
321537744 458
321977062 459
323907534 460
325006293 461
325806052 460
326208546 459
326526577 460
326706341 459
327216933 458
328555328 459
329055801 460
329154597 459
332804744 460
332833342 461
334806386 460
336222644 459
340560647 460
340764842 459
341284273 458
342807577 459
345627329 460
346141274 459
350259355 458
350548872 457
351703763 458
351759083 457
352314641 458
352817266 459
356234137 460
356234137 459
356585899 458
356989736 457
368212690 456
369543042 457
371222251 458
371222251 457
373853166 458
375541155 459
377281454 458
379528675 459
381325815 458
382924391 459
383409883 460
383425795 461
383582207 462
384064104 461
384256816 462
385061449 463
385061449 462
385544212 463
386001350 464
386421755 465
386921220 466
387319831 467
388920036 468
390058667 469
390445126 470
390683129 471
390858479 472
391023782 471
391390009 472
391390009 471
391654326 472
392461405 473
393039954 472
393672664 473
393729502 474
393729502 473
393733831 474
393733831 473
394335072 472
395644880 471
396291689 470
396679964 471
397160501 472
398285659 471
399060098 472
399208299 473
400544093 474
402020366 475
402275049 474
403215303 473
403473854 474
403643019 475
403728010 474
404298598 475
408166747 476
408555179 477
410270623 476
414627192 477
416838208 478
419612712 479
420035144 480
420975484 479
425389530 478
431944020 477
432217005 478
435611140 479
436357007 480
463972352 481
468438587 480
476492981 479
487030967 480
488025458 479
489684257 480
489684257 479
490629249 478
495162042 479
496669539 478
500778599 479
502620679 480
505902276 481
510147249 480
514784462 481
538264652 482
560506754 483
563233413 484
568220812 485
579451979 484
583695027 483
585045445 484
585153267 483
589540672 482
594122113 483
594122113 482
602420045 483
602993959 484
603241552 485
603367053 484
604271402 483
607130326 482
617316965 483
630552819 484
634175235 483
636246986 482
636820380 481
637176345 482
637176345 481
638186483 482
638819663 483
639131893 484
640500829 483
641396515 482
642135918 481
642146019 482
644411412 481
644982700 480
645588295 481
645846945 482
646045540 483
646654014 482
647508196 481
648319313 480
648443009 481
649287819 480
649290981 481
649585631 482
652108468 483
652615425 482
652919121 483
652934037 484
652934194 485
652943182 486
655851751 487
655934560 486
657222913 487
658102728 488
659563497 487
660379946 488
660433091 487
660525897 488
662023278 489
662353581 488
662413150 489
663645350 488
663656485 489
664360376 488
665005398 487
665139370 486
666034623 485
666800190 484
667215315 483
667559075 482
668288475 481
669408438 482
670170333 483
671405348 484
674779560 483
675735316 484
676711110 485
676805603 486
677465601 487
677684248 486
678603463 487
679187628 488
679187628 487
680936279 488
681015329 487
682701493 486
686159780 485
686244105 486
686244193 485
686724554 486
688759508 487
688759508 486
691700537 487
693801871 486
698200869 485
704372503 484
705970203 485
707099367 484
714816479 485
715150390 484
715869795 485
715924633 484
716738727 485
716739870 484
718403323 483
718571545 484
719245038 483
720395590 484
721097687 483
722658327 482
723718687 481
723913518 482
726401012 483
729011235 484
729233403 485
729939380 484
732323343 485
732669959 484
733970061 483
735954726 484
736747702 483
736847615 484
737297007 485
739850703 484
740705574 483
740729836 484
740744836 483
741512307 484
741512307 483
741521389 484
741559799 483
742008214 482
743066210 481
743449580 482
745030027 481
745802936 482
745854661 483
746935715 484
747160752 485
747556518 484
747592551 485
748205849 486
748460225 487
748460225 486
749323330 487
749323568 488
749566196 489
749839427 490
749839427 489
749880980 490
749917955 491
750050082 490
750235610 489
750528344 488
754878227 489
754962064 490
756062586 491
756400629 490
758170733 489
758229548 490
758229548 489
760487079 490
760688675 489
761072918 488
761248682 487
761323640 488
761402933 487
761625123 488
763244115 489
765273116 490
765636356 491
766333325 492
766337080 493
766532596 492
767706911 491
769848663 492
771055382 491
772559095 490
778816329 489
779047803 490
781628208 489
781696829 490
782506697 489
783402117 488
788172692 489
795074762 490
795205459 489
797411398 490
800816587 489
802283759 490
802337676 491
802469982 492
802493722 493
802513077 494
802653235 495
802658354 496
802695155 495
802861782 494
803305467 495
805905063 494
806126995 495
806447502 494
806611252 493
807139422 492
807359221 493
807665521 494
808733634 493
808778653 492
808973807 491
809396104 492
811653435 491
812435716 490
812742481 489
814130237 490
814776604 491
815405417 490
816368072 489
817029061 488
817580002 487
818305350 488
818608368 487
819453190 488
819715888 487
821338195 488
822664718 487
823150239 486
823164293 485
823284878 486
823987089 487
825405442 488
826601851 487
827262180 488
828229484 489
828232309 488
829220181 489
829220181 488
830019010 487
830355333 486
830669168 485
831217349 486
831226854 485
832126804 484
833007390 485
833292127 486
833447917 485
833452308 486
834524366 485
834957325 486
835123001 487
835546763 486
835563655 485
835571457 484
836094977 483
837165483 484
837470908 483
837797158 484
840601162 485
841026370 484
843003075 483
844019055 482
844415376 481
844733022 480
844801211 479
846674929 478
846798582 477
847197466 476
847480298 477
848963498 476
851654171 477
852371785 476
853800842 475
856052089 474
860185988 475
860397761 476
864861332 475
865502965 476
865839066 477
865839066 476
866034528 477
866034528 476
866222586 477
866222586 476
866544665 477
866614731 478
867255066 477
867603725 478
867646378 479
868035475 478
880561152 477
881777448 476
882125657 475
885634640 476
885971313 475
886527389 476
887514567 477
888806018 476
889487493 475
889509028 474
890376835 473
891449182 474
892312628 475
893453223 476
894605260 477
894622537 476
895167755 477
895376483 478
895818978 477
896084880 476
896447508 475
897328264 474
898756833 473
898906167 472
899105550 471
899545044 470
899831385 469
901864111 468
901877094 469
902681305 470
903450183 469
903974653 470
904372480 471
904410228 470
904410290 469
904913418 468
905486109 467
907229339 466
909281525 467
909647152 468
911201121 467
911202461 466
911918884 467
912030712 468
912782092 467
912792589 468
912802343 467
913328120 468
913377238 467
913751109 466
914019041 465
914068084 464
914463185 465
914527715 464
915428656 463
916114999 464
916162271 463
916696039 464
916760208 465
917087261 464
917397532 465
917426519 464
918413003 463
918829221 462
920372708 461
920402647 460
921898094 459
924819154 458
924865985 459
925548127 458
925622939 457
925670520 458
927018012 457
927803396 456
930092109 455
930093296 454
933761432 453
933860258 452
934298452 451
935577756 452
935577777 451
935864168 452
936097124 451
936603037 452
936603037 451
937163409 450
937717551 451
937717551 450
940502044 451
940502091 450
942501785 449
943720352 448
944540742 449
946695351 448
947755952 447
950764101 446
950826523 445
954709996 444
956675129 443
958496540 442
960418697 441
962019654 440
964698850 439
967181338 438
973515596 437
974175370 436
974198810 435
974775579 434
975056882 433
975693128 434
976013081 435
978144974 434
979202340 433
979809060 432
979819949 431
979932490 432
980001304 431
980158665 430
983407011 431
983718573 432
983844437 431
984235263 430
984237237 429
984240777 428
984245685 427
984246912 426
984250692 425
984251680 424
984253915 423
984295470 424
984312778 423
984490614 422
985415920 421
985482827 420
985613372 419
985867539 418
987051576 417
987325184 416
988274939 415
988747642 414
988750312 413
989159607 412
989225145 411
989305973 410
989340060 411
990292115 410
990310937 411
990702041 412
991022505 413
993219788 412
993291878 411
993453467 410
993661539 409
994270983 408
994344917 407
994544303 406
994670661 405
995292266 404
995599439 405
996070658 404
996761493 405
996849752 406
997057137 407
997412889 408
997778230 407
997820255 406
998213606 407
998213606 406
998219586 405
998388526 406
998388526 405
998478803 404
998781503 403
998852053 402
999199894 403
999199894 402
999285578 401
999808479 400
1000071098 401
1000071098 400
1000145477 399
1000442121 400
1000529711 399
1000594944 398
1000715752 397
1000776938 396
1001302789 395
1001742179 396
1002249302 395
1002356051 394
1002440412 393
1002517584 392
1002695031 391
1002716001 390
1002901601 389
1002921121 388
1003608418 387
1003659418 388
1003775044 389
1003851248 388
1004197492 389
1004499088 388
1005508281 387
1005946079 386
1006574916 385
1006680386 384
1007223515 383
1008220207 382
1008465742 381
1008801639 382
1008801639 381
1008897506 380
1009085290 379
1009206077 378
1009689031 379
1009689031 378
1009919351 377
1010254415 378
1010299421 377
1011124688 376
1011905415 375
1012212824 374
1012323208 373
1013038264 372
1013168606 373
1013918326 372
1013944794 371
1014026656 370
1014085894 371
1014091622 370
1014440051 369
1014843683 368
1015173457 367
1015574105 366
1017524550 367
1017999876 366
1018282765 367
1018282890 366
1018393882 365
1018445565 364
1019046508 365
1019073651 366
1019576932 365
1019658423 364
1020553173 363
1020674438 364
1020843228 365
1020843228 364
1020973018 363
1021059656 362
1021138548 363
1022896385 362
1022973008 363
1022975156 362
1023454074 363
1023454074 362
1023581768 361
1024417719 360
1026351634 359
1026550573 358
1026785336 357
1026921828 356
1027576617 357
1027793914 356
1027921187 355
1028447016 354
1028511702 353
1028739329 352
1028881246 351
1029211603 350
1030337338 349
1030373418 348
1030442316 347
1031024778 346
1031330891 345
1031489656 344
1031829196 343
1031930099 342
1032078950 341
1032316099 340
1032841434 339
1034465433 338
1037027494 337
1037376360 336
1037457692 335
1037541153 334
1037610939 333
1037640707 332
1037711835 331
1037807571 330
1037909906 329
1038074605 330
1038085273 329
1038571264 328
1039746085 327
1040349126 326
1040409977 325
1043769023 324
1049400995 323
1050085107 322
1051512305 323
1058964649 322
1059050173 321
1059121993 320
1059181026 319
1060178353 318
1061626233 317
1061715080 316
1061805341 315
1061907070 314
1062176064 313
1068983434 312
1069696208 311
1075915840 310
1075942274 309
1077231224 308
1083487567 307
1086111422 306
1086754626 305
1087857123 304
1088345079 305
1094830806 304
1094906315 305
1096550160 304
1096907142 303
1102677241 302
1106174284 301
1108812436 300
1114402794 299
1115624028 298
1118734457 299
1119945592 300
1121075727 299
1122410977 298
1123205840 297
1123260006 296
1123274412 295
1123281257 294
1123689466 293
1123810258 292
1123883916 291
1124337844 290
1125049727 289
1125484829 288
1125865712 287
1125892022 286
1126247154 285
1126298410 284
1126447172 285
1126803551 284
1126804367 283
1126806933 282
1126808528 281
1126862767 280
1126867955 279
1127301092 278
1127503028 277
1127575979 276
1128175107 275
1129073690 274
1130402089 273
1130468817 272
1130493558 271
1130583757 270
1131807650 271
1132213215 270
1133762219 269
1134047042 268
1134052577 267
1134126705 266
1136291299 265
1136431601 264
1136440102 263
1136456448 262
1136497209 261
1136554801 260
1136609124 259
1137366186 258
1141279829 257
1143026962 256
1143123070 255
1143456918 254
1143478242 253
1143848461 252
1144849447 251
1146373036 250
1146379423 249
1146986073 248
1148059106 247
1149978762 248
1152703964 247
1156955854 246
1157569861 245
1158324018 244
1159253569 243
1159275829 242
1159626556 241
1159864096 240
1160680750 241
1162810826 240
1162832234 239
1166534986 238
1167338335 237
1168752707 236
1170931627 237
1172152698 236
1173416880 235
1174832175 234
1174834226 233
1174841028 232
1175318988 231
1175374436 230
1175376367 229
1175392420 228
1176299882 227
1176835016 228
1179660408 227
1180802731 226
1180802755 225
1180808584 224
1180836889 223
1181123010 222
1181933985 221
1183253646 220
1184424845 219
1184479643 218
1185343842 217
1185589355 216
1185859815 215
1185923200 214
1186078602 213
1186129819 212
1186705369 211
1188024277 210
1188290799 209
1188584084 208
1189009174 207
1189334368 206
1190622484 205
1191342690 204
1191651086 203
1191805758 202
1192037176 201
1192506892 200
1194461001 199
1195089033 198
1195201770 197
1195203070 196
1195203206 195
1195203283 194
1195438864 193
1196108347 192
1196594512 191
1196926018 190
1197099863 189
1197112654 188
1198564494 187
1198807571 186
1199187789 185
1199193212 184
1199451742 183
1199463122 182
1199581347 181
1199642647 180
1199805226 179
1200470172 178
1201438149 177
1202457349 176
1202546175 175
1202957416 174
1203039074 173
1203055931 172
1203549483 171
1203676226 170
1203894131 169
1204160734 168
1204215121 167
1204441767 166
1205254182 165
1205262837 164
1205333577 163
1205925291 162
1206005683 161
1206005818 160
1206007459 159
1206009057 158
1206012410 157
1206015185 156
1206026704 155
1206058184 154
1206121915 153
1206273309 152
1206451004 151
1206460301 150
1206582702 149
1206672727 148
1206698153 147
1206703476 146
1206766128 145
1206851128 144
1206999446 143
1207031497 142
1207108365 141
1207129757 140
1207146842 139
1207201846 138
1207208958 137
1207216449 136
1207361142 135
1207361502 134
1207670567 133
1207723531 132
1207781202 131
1207815273 130
1207821234 129
1207833357 128
1208007964 127
1208022203 126
1208191558 125
1208283105 124
1208286335 123
1208360679 122
1208418147 121
1208458431 120
1208482586 119
1208631515 118
1208701166 117
1208701278 116
1208703354 115
1208712553 114
1208729665 113
1208730081 112
1208741230 111
1208757890 110
1208768175 109
1208771462 108
1208788613 107
1208793477 106
1208839083 105
1208990704 104
1209000789 103
1209003644 102
1209011049 101
1209018014 100
1209054897 99
1209082944 98
1209175406 97
1209211155 96
1209213799 95
1209229827 94
1209232908 93
1209255356 92
1209257286 91
1209276859 90
1209285999 89
1209296680 88
1209300049 87
1209300118 86
1209300221 85
1209300598 84
1209303762 83
1209304246 82
1209311393 81
1209320406 80
1209326380 79
1209335226 78
1209366129 77
1209367955 76
1209381410 75
1209390067 74
1209394648 73
1209425589 72
1209427565 71
1209429646 70
1209441436 69
1209467504 68
1209473820 67
1209474199 66
1209480066 65
1209500414 64
1209529319 63
1209532859 62
1209535668 61
1209537151 60
1209540196 59
1209540766 58
1209540883 57
1209551197 56
1209556423 55
1209562558 54
1209562868 53
1209565657 52
1209565724 51
1209565730 50
1209565947 49
1209566130 48
1209567815 47
1209568770 46
1209570062 45
1209570070 44
1209570309 43
1209571945 42
1209573274 41
1209575210 40
1209575322 39
1209575740 38
1209576304 37
1209576680 36
1209578041 35
1209578355 34
1209579695 33
1209580593 32
1209582877 31
1209583349 30
1209583464 29
1209583976 28
1209585030 27
1209585455 26
1209587709 25
1209588483 24
1209590007 23
1209590197 22
1209591044 21
1209591290 20
1209591364 19
1209591536 18
1209591832 17
1209592336 16
1209592401 15
1209594750 14
1209594922 13
1209595029 12
1209595306 11
1209596580 10
1209597371 9
1209599070 8
1209599216 7
1209599223 6
1209599281 5
1209599321 4
1209599377 3
1209599417 2
1209599686 1
1209599870 0
